8 -21
380 -375
-36 -18
212 -542
157 59
-6 -1
10 -12
138 -177
228 -363
172 26
252 -668
437 -476
176 -425
33 121
117 -615
390 -618
-25 76
175 -79
360 -641
106 111
427 -438
-33 -38
-16 2
104 -237
72 -297
-20 -44
0 -41
69 -561
-29 -4
147 -636
10 -25
-1 -45
166 -113
9 -11
47 -360
0 105
53 -530
215 -663
325 -657
307 -345
408 -403
-23 2
414 -588
135 88
-34 39
-8 -43
438 -515
-1 0
197 -389
121 -207
180 -8
289 -666
42 -497
302 -495
70 123
430 -553
39 -393
180 -652
91 -590
-32 -8
35 -427
36 -462
168 -465
3 -38
174 -507
153 -145
181 -44
87 -267
266 -540
58 -328
266 -348
346 -355
-33 -34
